290
457
39
9
124
479
231
305
137
97
24
117
292
8
147
223
89
219
28
457
21
307
180
457
372
198
255
262
478
281
190
478
266
455
218
132
127
428
496
182
121
412
221
463
449
7
498
253
339
212
220
186
140
120
53
220
62
335
296
338
500
412
133
302
78
89
181
215
230
496
145
162
17
17
461
24
162
460
136
227
394
250
350
141
68
259
341
368
14
423
230
42
240
338
70
284
488
45
300
266
106
375
109
248
292
256
484
232
303
69
266
447
425
253
323
411
340
347
231
181
417
311
351
419
231
38
189
498
71
16
426
296
236
224
178
252
247
37
153
152
235
156
158
242
365
488
2
493
460
169
215
349
214
142
115
489
148
439
453
154
118
402
322
271
171
92
286
385
170
79
6
235
471
199
459
113
202
200
476
82
182
90
191
106
234
421
342
442
1
13
442
473
101
383
395
27
464
235
105
344
309
271
156
463
393
429
441
212
70
83
359
292
311
263
301
401
236
348
271
365
298
356
351
159
51
134
58
373
44
47
388
349
403
307
290
233
328
455
430
91
299
490
97
297
282
116
129
285
259
255
172
436
449
353
234
383
467
413
310
156
96
107
167
10
290
214
406
111
232
286
129
206
442
464
364
493
381
455
418
155
2
367
370
304
466
285
463
149
373
315
25
428
400
190
327
15
376
360
323
299
273
361
361
102
487
310
76
156
481
439
124
329
167
352
336
416
367
302
478
83
426
426
326
201
121
58
12
157
323
94
473
286
292
497
210
6
330
97
362
325
265
389
152
330
456
54
185
77
236
234
26
158
115
442
290
148
45
484
333
12
143
357
238
107
390
349
81
296
497
37
11
235
247
57
334
75
394
287
12
259
241
23
49
458
310
481
218
170
151
271
9
148
467
194
16
98
142
2
451
468
426
106
408
43
318
496
368
31
18
243
300
292
56
437
233
236
419
8
184
385
186
98
468
134
319
357
271
47
71
75
106
475
319
334
295
58
174
325
344
150
349
398
185
14
397
378
183
155
208
18
265
347
322
163
102
331
459
59
61
474
246
96
254
284
312
296
404
438
17
378
3
451
381
379
175
115
53
152
261
468
68
117
354
91
317
455
90
381
197
484
452
438
315
260
118
129
274
113
87
230
279
330
448
480
495
54
108
96
78
472
164
180
386
412
418
427
16
443
25
464
58
327
34
138
125
163
492
305
9
371
292
322
157
168
357
422
20
380
394
110
183
330
212
474
24
447
244
247
357
265
211
124
332
9
115
155
475
22
396
140
460
199
165
277
112
236
264
328
2
73
227
92
19
106
235
389
286
382
81
394
120
314
144
206
372
176
372
476
143
206
5
84
100
362
441
427
159
313
432
488
308
253
264
257
408
300
383
357
463
128
46
73
357
119
460
290
108
462
342
63
256
109
484
423
175
373
175
253
357
414
39
219
47
307
401
468
132
212
212
364
440
350
434
176
43
412
215
320
200
473
88
17
250
209
462
368
241
228
470
277
304
122
256
391
4
210
395
141
5
52
129
238
224
249
439
209
369
346
241
236
39
160
133
68
153
133
177
198
421
223
351
462
34
432
300
21
259
402
453
426
29
4
244
212
45
487
228
29
74
210
34
349
447
319
120
49
401
328
160
435
315
135
118
260
160
291
37
312
457
241
135
324
29
345
426
317
267
21
454
494
217
228
315
454
107
125
281
41
37
234
134
114
191
359
446
467
367
159
428
462
147
316
181
357
62
477
76
89
189
76
329
47
40
79
258
252
109
99
448
463
21
474
282
469
234
64
185
304
199
130
107
30
217
362
276
134
440
441
164
237
425
364
174
477
202
486
282
166
19
279
390
55
118
140
369
201
380
348
277
165
229
61
234
152
260
269
491
287
33
354
124
135
158
151
347
476
128
164
265
249
495
455
118
104
171
375
94
447
354
321
299
273
296
83
145
190
469
445
194
218
188
213
387
244
139
94
497
181
41
127
148
390
435
434
191
128
218
319
128
72
373
446
259
270
337
204
421
288
117
243
81
469
128
472
450
132
420
374
350
155
323
298
248
485
473
438
370
327
391
372
265
315
121
8
493
244
325
355
272
265
150
398
185
192
358
268
147
477
157
70
291
242
427
47
471
281
65
385
239
25
19
373
401
58
322
385
165
391
350
212
291
261
483
173
497
13
328
305
197
7
216
125
402
68
384
82
100
177
16
144
455
383
444
454
451
403
487
21
367
414
223
417
392
184
9
46
114
72
130
183
416
383
289
457
268
408
487
274
363
224
